Edge	4	41	47	1	0	0	3942	-1
	Sequence	+edge_3_0_-disjointig_1_32242_33717 1475 -1 40826 32242 33717
	Sequence	+edge_3_1_-disjointig_1_22855_24579 1724 -1 40826 22855 24579
	Sequence	+edge_3_2_-disjointig_1_13713_15441 1728 -1 40826 13713 15441
	Sequence	+edge_3_3_-disjointig_1_4529_6254 1725 -1 40826 4529 6254
	Sequence	+edge_3_4_-disjointig_17_437474_439198 1724 -9 440519 437474 439198
	Sequence	+edge_3_5_-disjointig_3_2252_3976 1724 -18 1502456 2252 3976
Edge	5	33	39	1	0	0	3942	-1
	Sequence	-edge_3_0_-disjointig_1_32242_33717 1475 1 40826 7108 8583
	Sequence	-edge_3_1_-disjointig_1_22855_24579 1724 1 40826 16246 17970
	Sequence	-edge_3_2_-disjointig_1_13713_15441 1728 1 40826 25384 27112
	Sequence	-edge_3_3_-disjointig_1_4529_6254 1725 1 40826 34571 36296
	Sequence	-edge_3_4_-disjointig_17_437474_439198 1724 9 440519 1320 3044
	Sequence	-edge_3_5_-disjointig_3_2252_3976 1724 18 1502456 1498479 1500203
Edge	14	53	42	0	0	0	87	-1
	Sequence	+edge_8_0_+disjointig_10_0_915406 915406 2 915407 0 915406
Edge	15	26	67	0	0	0	87	-1
	Sequence	-edge_8_0_+disjointig_10_0_915406 915406 -2 915407 0 915406
Edge	16	38	70	0	0	0	83	-1
	Sequence	+edge_9_0_+disjointig_11_0_1086983 1086983 3 1086984 0 1086983
Edge	17	65	36	0	0	0	83	-1
	Sequence	-edge_9_0_+disjointig_11_0_1086983 1086983 -3 1086984 0 1086983
Edge	28	49	50	0	0	0	84	-1
	Sequence	+edge_15_0_+disjointig_14_0_809062 809062 6 809063 0 809062
Edge	29	37	51	0	0	0	84	-1
	Sequence	-edge_15_0_+disjointig_14_0_809062 809062 -6 809063 0 809062
Edge	40	63	64	0	0	0	91	-1
	Sequence	+edge_21_0_+disjointig_18_0_226801 226801 10 226802 0 226801
Edge	41	66	68	0	0	0	91	-1
	Sequence	-edge_21_0_+disjointig_18_0_226801 226801 -10 226802 0 226801
Edge	44	69	62	0	0	0	83	-1
	Sequence	+edge_23_0_+disjointig_19_11513_438801 427288 11 438802 11513 438801
Edge	45	56	71	0	0	0	83	-1
	Sequence	-edge_23_0_+disjointig_19_11513_438801 427288 -11 438802 0 427288
Edge	46	69	2	0	0	0	80	-1
	Sequence	+edge_24_0_-disjointig_9_29823_745861 716038 -32 756507 29823 745861
Edge	47	17	71	0	0	0	80	-1
	Sequence	-edge_24_0_-disjointig_9_29823_745861 716038 32 756507 10645 726683
Edge	60	16	15	1	0	0	584	-1
	Sequence	+edge_31_0_+disjointig_27_3345_5437 2092 17 26424 3345 5437
	Sequence	+edge_31_1_+disjointig_27_16815_18982 2167 17 26424 16815 18982
	Sequence	+edge_31_2_-disjointig_6_7620_9714 2094 -29 249273 7620 9714
	Sequence	+edge_31_3_-disjointig_6_1385_3051 1666 -29 249273 1385 3051
	Sequence	+edge_31_4_-disjointig_7_15021_16757 1736 -30 701714 15021 16757
	Sequence	+edge_31_5_-disjointig_7_8358_10094 1736 -30 701714 8358 10094
	Sequence	+edge_31_6_-disjointig_7_1692_3358 1666 -30 701714 1692 3358
	Sequence	+edge_31_7_-disjointig_9_3034_5128 2094 -32 756507 3034 5128
Edge	61	14	12	1	0	0	584	-1
	Sequence	-edge_31_0_+disjointig_27_3345_5437 2092 -17 26424 20986 23078
	Sequence	-edge_31_1_+disjointig_27_16815_18982 2167 -17 26424 7441 9608
	Sequence	-edge_31_2_-disjointig_6_7620_9714 2094 29 249273 239558 241652
	Sequence	-edge_31_3_-disjointig_6_1385_3051 1666 29 249273 246221 247887
	Sequence	-edge_31_4_-disjointig_7_15021_16757 1736 30 701714 684956 686692
	Sequence	-edge_31_5_-disjointig_7_8358_10094 1736 30 701714 691619 693355
	Sequence	-edge_31_6_-disjointig_7_1692_3358 1666 30 701714 698355 700021
	Sequence	-edge_31_7_-disjointig_9_3034_5128 2094 32 756507 751378 753472
Edge	62	16	15	1	0	0	196	-1
	Sequence	+edge_32_0_+disjointig_27_10439_12246 1807 17 26424 10439 12246
	Sequence	+edge_32_1_+disjointig_27_23910_25718 1808 17 26424 23910 25718
	Sequence	+edge_32_2_-disjointig_6_14716_16523 1807 -29 249273 14716 16523
Edge	63	14	12	1	0	0	196	-1
	Sequence	-edge_32_0_+disjointig_27_10439_12246 1807 -17 26424 14177 15984
	Sequence	-edge_32_1_+disjointig_27_23910_25718 1808 -17 26424 705 2513
	Sequence	-edge_32_2_-disjointig_6_14716_16523 1807 29 249273 232749 234556
Edge	66	12	9	1	0	0	700	-1
	Sequence	+edge_34_0_-disjointig_27_15984_18076 2092 -17 26424 15984 18076
	Sequence	+edge_34_1_-disjointig_27_9608_10862 1254 -17 26424 9608 10862
	Sequence	+edge_34_2_-disjointig_27_2513_4604 2091 -17 26424 2513 4604
	Sequence	+edge_34_3_+disjointig_6_234556_236648 2092 29 249273 234556 236648
	Sequence	+edge_34_4_+disjointig_6_241652_242912 1260 29 249273 241652 242912
	Sequence	+edge_34_5_+disjointig_7_686692_688377 1685 30 701714 686692 688377
	Sequence	+edge_34_6_+disjointig_7_693355_695046 1691 30 701714 693355 695046
	Sequence	+edge_34_7_+disjointig_7_700021_701709 1688 30 701714 700021 701709
	Sequence	+edge_34_8_+disjointig_9_746376_748468 2092 32 756507 746376 748468
	Sequence	+edge_34_9_+disjointig_9_753472_754726 1254 32 756507 753472 754726
Edge	67	10	16	1	0	0	700	-1
	Sequence	-edge_34_0_-disjointig_27_15984_18076 2092 17 26424 8347 10439
	Sequence	-edge_34_1_-disjointig_27_9608_10862 1254 17 26424 15561 16815
	Sequence	-edge_34_2_-disjointig_27_2513_4604 2091 17 26424 21819 23910
	Sequence	-edge_34_3_+disjointig_6_234556_236648 2092 -29 249273 12624 14716
	Sequence	-edge_34_4_+disjointig_6_241652_242912 1260 -29 249273 6360 7620
	Sequence	-edge_34_5_+disjointig_7_686692_688377 1685 -30 701714 13336 15021
	Sequence	-edge_34_6_+disjointig_7_693355_695046 1691 -30 701714 6667 8358
	Sequence	-edge_34_7_+disjointig_7_700021_701709 1688 -30 701714 4 1692
	Sequence	-edge_34_8_+disjointig_9_746376_748468 2092 -32 756507 8038 10130
	Sequence	-edge_34_9_+disjointig_9_753472_754726 1254 -32 756507 1780 3034
Edge	72	10	10	1	0	0	216	-1
	Sequence	+edge_37_0_+disjointig_27_15019_15561 542 17 26424 15019 15561
	Sequence	+edge_37_1_-disjointig_6_5824_6360 536 -29 249273 5824 6360
	Sequence	+edge_37_2_-disjointig_7_12794_13336 542 -30 701714 12794 13336
	Sequence	+edge_37_3_-disjointig_7_6131_6667 536 -30 701714 6131 6667
	Sequence	+edge_37_4_-disjointig_9_1238_1780 542 -32 756507 1238 1780
Edge	73	9	9	1	0	0	216	-1
	Sequence	-edge_37_0_+disjointig_27_15019_15561 542 -17 26424 10862 11404
	Sequence	-edge_37_1_-disjointig_6_5824_6360 536 29 249273 242912 243448
	Sequence	-edge_37_2_-disjointig_7_12794_13336 542 30 701714 688377 688919
	Sequence	-edge_37_3_-disjointig_7_6131_6667 536 30 701714 695046 695582
	Sequence	-edge_37_4_-disjointig_9_1238_1780 542 32 756507 754726 755268
Edge	74	10	43	0	0	0	72	-1
	Sequence	+edge_38_0_-disjointig_6_19299_237517 218218 -29 249273 19299 237517
Edge	75	0	9	0	0	0	72	-1
	Sequence	-edge_38_0_-disjointig_6_19299_237517 218218 29 249273 11755 229973
Edge	78	20	13	0	0	0	83	-1
	Sequence	+edge_40_0_+disjointig_3_0_1125591 1125591 18 1502456 0 1125591
Edge	79	8	7	0	0	0	83	-1
	Sequence	-edge_40_0_+disjointig_3_0_1125591 1125591 -18 1502456 376864 1502455
Edge	96	17	48	0	0	0	81	-1
	Sequence	+edge_49_0_+disjointig_4_17480_1506474 1488994 27 1506475 17480 1506474
Edge	97	32	2	0	0	0	81	-1
	Sequence	-edge_49_0_+disjointig_4_17480_1506474 1488994 -27 1506475 0 1488994
Edge	98	39	33	1	0	0	4067	-1
	Sequence	+edge_50_0_+disjointig_1_0_7108 7108 1 40826 0 7108
	Sequence	+edge_50_1_+disjointig_1_8583_16246 7663 1 40826 8583 16246
	Sequence	+edge_50_2_+disjointig_1_17970_25384 7414 1 40826 17970 25384
	Sequence	+edge_50_3_+disjointig_1_27112_34571 7459 1 40826 27112 34571
	Sequence	+edge_50_4_+disjointig_17_3044_10458 7414 9 440519 3044 10458
	Sequence	+edge_50_5_+disjointig_3_1490826_1498479 7653 18 1502456 1490826 1498479
Edge	99	47	41	1	0	0	4067	-1
	Sequence	-edge_50_0_+disjointig_1_0_7108 7108 -1 40826 33717 40825
	Sequence	-edge_50_1_+disjointig_1_8583_16246 7663 -1 40826 24579 32242
	Sequence	-edge_50_2_+disjointig_1_17970_25384 7414 -1 40826 15441 22855
	Sequence	-edge_50_3_+disjointig_1_27112_34571 7459 -1 40826 6254 13713
	Sequence	-edge_50_4_+disjointig_17_3044_10458 7414 -9 440519 430060 437474
	Sequence	-edge_50_5_+disjointig_3_1490826_1498479 7653 -18 1502456 3976 11629
Edge	100	41	0	0	0	0	73	-1
	Sequence	+edge_51_0_-disjointig_3_11629_376864 365235 -18 1502456 11629 376864
Edge	101	43	39	0	0	0	73	-1
	Sequence	-edge_51_0_-disjointig_3_11629_376864 365235 18 1502456 1125591 1490826
Edge	102	33	57	0	0	0	84	-1
	Sequence	+edge_52_0_+disjointig_17_10458_440517 430059 9 440519 10458 440517
Edge	103	60	47	0	0	0	84	-1
	Sequence	-edge_52_0_+disjointig_17_10458_440517 430059 -9 440519 1 430060
Edge	104	44	34	0	0	0	88	-1
	Sequence	+edge_53_0_+disjointig_12_233_578416 578183 4 580164 233 578416
Edge	105	31	30	0	0	0	88	-1
	Sequence	-edge_53_0_+disjointig_12_233_578416 578183 -4 580164 1747 579930
Edge	106	28	28	1	0	0	157	-1
	Sequence	+edge_54_0_+disjointig_13_15828_47614 31786 5 47623 15828 47614
Edge	107	24	24	1	0	0	157	-1
	Sequence	-edge_54_0_+disjointig_13_15828_47614 31786 -5 47623 8 31794
Edge	108	22	52	0	0	0	85	-1
	Sequence	+edge_55_0_+disjointig_15_6258_784495 778237 7 784496 6258 784495
Edge	109	54	46	0	0	0	85	-1
	Sequence	-edge_55_0_+disjointig_15_6258_784495 778237 -7 784496 0 778237
Edge	110	40	58	0	0	0	83	-1
	Sequence	+edge_56_0_+disjointig_16_49_952103 952054 8 952104 49 952103
Edge	111	59	27	0	0	0	83	-1
	Sequence	-edge_56_0_+disjointig_16_49_952103 952054 -8 952104 0 952054
Edge	112	16	69	1	0	0	196	-1
	Sequence	+edge_57_0_-disjointig_9_10130_29823 19693 -32 756507 10130 29823
Edge	113	71	12	1	0	0	196	-1
	Sequence	-edge_57_0_-disjointig_9_10130_29823 19693 32 756507 726683 746376
Edge	114	21	35	0	0	0	84	-1
	Sequence	+edge_58_0_+disjointig_2_0_563531 563531 12 563914 0 563531
Edge	115	18	19	0	0	0	84	-1
	Sequence	-edge_58_0_+disjointig_2_0_563531 563531 -12 563914 382 563913
Edge	116	2	61	1	0	0	154	-1
	Sequence	+edge_59_0_-disjointig_4_1488994_1502856 13862 -27 1506475 1488994 1502856
Edge	117	55	17	1	0	0	154	-1
	Sequence	-edge_59_0_-disjointig_4_1488994_1502856 13862 27 1506475 3618 17480
Edge	118	15	10	1	0	0	799	-1
	Sequence	+edge_60_0_+disjointig_27_5437_8347 2910 17 26424 5437 8347
	Sequence	+edge_60_1_+disjointig_27_12246_15019 2773 17 26424 12246 15019
	Sequence	+edge_60_2_+disjointig_27_18982_21819 2837 17 26424 18982 21819
	Sequence	+edge_60_3_-disjointig_6_16523_19299 2776 -29 249273 16523 19299
	Sequence	+edge_60_4_-disjointig_6_9714_12624 2910 -29 249273 9714 12624
	Sequence	+edge_60_5_-disjointig_6_3051_5824 2773 -29 249273 3051 5824
	Sequence	+edge_60_6_-disjointig_7_16757_19594 2837 -30 701714 16757 19594
	Sequence	+edge_60_7_-disjointig_7_10094_12794 2700 -30 701714 10094 12794
	Sequence	+edge_60_8_-disjointig_7_3358_6131 2773 -30 701714 3358 6131
	Sequence	+edge_60_9_-disjointig_9_5128_8038 2910 -32 756507 5128 8038
Edge	119	9	14	1	0	0	799	-1
	Sequence	-edge_60_0_+disjointig_27_5437_8347 2910 -17 26424 18076 20986
	Sequence	-edge_60_1_+disjointig_27_12246_15019 2773 -17 26424 11404 14177
	Sequence	-edge_60_2_+disjointig_27_18982_21819 2837 -17 26424 4604 7441
	Sequence	-edge_60_3_-disjointig_6_16523_19299 2776 29 249273 229973 232749
	Sequence	-edge_60_4_-disjointig_6_9714_12624 2910 29 249273 236648 239558
	Sequence	-edge_60_5_-disjointig_6_3051_5824 2773 29 249273 243448 246221
	Sequence	-edge_60_6_-disjointig_7_16757_19594 2837 30 701714 682119 684956
	Sequence	-edge_60_7_-disjointig_7_10094_12794 2700 30 701714 688919 691619
	Sequence	-edge_60_8_-disjointig_7_3358_6131 2773 30 701714 695582 698355
	Sequence	-edge_60_9_-disjointig_9_5128_8038 2910 32 756507 748468 751378
Edge	120	10	23	0	0	0	84	-1
	Sequence	+edge_61_0_-disjointig_7_19594_694833 675239 -30 701714 19594 694833
Edge	121	25	9	0	0	0	84	-1
	Sequence	-edge_61_0_-disjointig_7_19594_694833 675239 30 701714 6880 682119
Edge	122	5	45	0	0	0	83	-1
	Sequence	+edge_62_0_-disjointig_8_0_354835 354835 -31 355982 0 354835
Edge	123	6	29	0	0	0	83	-1
	Sequence	-edge_62_0_-disjointig_8_0_354835 354835 31 355982 1146 355981
Edge	124	11	4	0	0	0	86	-1
	Sequence	+edge_63_0_-disjointig_5_0_272542 272542 -28 272551 0 272542
Edge	125	3	1	0	0	0	86	-1
	Sequence	-edge_63_0_-disjointig_5_0_272542 272542 28 272551 8 272550
